"ObsTime","StnPres","SeaPres","StnPresMax","StnPresMaxTime","StnPresMin","StnPresMinTime","Temperature","T Max","T Max Time","T Min","T Min Time","Td dew point","RH","RHMin","RHMinTime","WS","WD","WSGust","WDGust","WGustTime","Precp","PrecpHour","PrecpMax10","PrecpMax10Time","PrecpHrMax","PrecpHrMaxTime","SunShine","SunShineRate","GloblRad","VisbMean","EvapA","UVI Max","UVI Max Time","Cloud Amount"
"01","1008.5","...","1010.6","2018-04-01 10:16","1007.3","2018-04-01 15:23","23.1","27.0","2018-04-01 12:22","18.8","2018-04-01 05:30","...","73","58","2018-04-01 14:39","0.7","151","5.6","336","2018-04-01 13:07","0.0","...","...","","...","","...","...","...","...","...","...","","..."
"02","1008.9","...","1010.2","2018-04-02 09:33","1007.8","2018-04-02 02:55","22.3","25.8","2018-04-02 11:12","18.9","2018-04-02 06:10","...","82","71","2018-04-02 09:06","0.8","290","6.4","284","2018-04-02 12:22","0.0","...","...","","...","","...","...","...","...","...","...","","..."
"03","1009.8","...","1011.1","2018-04-03 11:10","1008.5","2018-04-03 03:32","22.7","26.7","2018-04-03 13:32","19.2","2018-04-03 06:00","...","79","61","2018-04-03 09:35","0.8","132","6.4","306","2018-04-03 12:16","0.0","...","...","","...","","...","...","...","...","...","...","","..."
"04","1009.0","...","1010.8","2018-04-04 09:09","1007.5","2018-04-04 16:24","23.4","27.8","2018-04-04 12:03","19.5","2018-04-04 05:11","...","76","55","2018-04-04 11:42","0.8","7","6.5","322","2018-04-04 14:02","0.0","...","...","","...","","...","...","...","...","...","...","","..."
"05","1007.8","...","1009.3","2018-04-05 09:42","1006.3","2018-04-05 17:49","23.7","26.8","2018-04-05 13:02","20.4","2018-04-05 05:40","...","78","66","2018-04-05 14:37","0.9","17","6.0","322","2018-04-05 12:14","0.0","...","...","","...","","...","...","...","...","...","...","","..."
"06","1011.8","...","1018.4","2018-04-06 23:15","1006.3","2018-04-06 02:54","19.6","27.5","2018-04-06 09:24","13.6","2018-04-06 22:11","...","76","55","2018-04-06 20:29","2.9","38","14.0","45","2018-04-06 15:16","0.0","...","...","","...","","...","...","...","...","...","...","","..."
"07","1018.4","...","1020.5","2018-04-07 09:38","1016.8","2018-04-07 03:43","15.0","17.2","2018-04-07 15:04","12.9","2018-04-07 07:20","...","60","36","2018-04-07 22:25","2.3","34","12.0","29","2018-04-07 01:14","0.0","...","...","","...","","...","...","...","...","...","...","","..."
"08","1015.1","...","1017.9","2018-04-08 00:04","1013.3","2018-04-08 15:51","19.0","24.4","2018-04-08 13:56","12.5","2018-04-08 05:21","...","55","35","2018-04-08 01:14","0.7","283","5.9","279","2018-04-08 11:54","0.0","...","...","","...","","...","...","...","...","...","...","","..."
"09","1013.8","...","1015.7","2018-04-09 08:24","1011.8","2018-04-09 16:27","20.0","24.9","2018-04-09 12:48","14.2","2018-04-09 05:51","...","73","52","2018-04-09 11:07","1.0","349","6.1","7","2018-04-09 13:24","0.0","...","...","","...","","...","...","...","...","...","...","","..."
"10","1010.9","...","1013.2","2018-04-10 08:28","1008.7","2018-04-10 17:39","21.8","26.8","2018-04-10 11:37","16.3","2018-04-10 05:14","...","66","30","2018-04-10 11:00","0.7","136","5.1","288","2018-04-10 11:06","0.0","...","...","","...","","...","...","...","...","...","...","","..."
"11","1008.0","...","1010.3","2018-04-11 07:41","1005.9","2018-04-11 16:20","23.9","28.5","2018-04-11 13:46","19.2","2018-04-11 05:20","...","78","62","2018-04-11 08:24","0.7","3","5.9","275","2018-04-11 10:39","0.0","...","...","","...","","...","...","...","...","...","...","","..."
"12","1007.4","...","1009.1","2018-04-12 11:31","1005.6","2018-04-12 15:49","25.2","28.7","2018-04-12 14:33","22.5","2018-04-12 10:26","...","84","70","2018-04-12 14:38","0.7","147","9.2","296","2018-04-12 09:42","6.0","...","...","","...","","...","...","...","...","...","...","","..."
"13","1008.3","...","1010.2","2018-04-13 08:34","1006.4","2018-04-13 16:13","25.6","29.2","2018-04-13 10:28","22.1","2018-04-13 05:20","...","83","66","2018-04-13 10:19","0.6","115","5.4","265","2018-04-13 11:32","0.0","...","...","","...","","...","...","...","...","...","...","","..."
"14","1006.3","...","1007.9","2018-04-14 00:01","1004.2","2018-04-14 15:59","26.5","29.2","2018-04-14 14:40","24.5","2018-04-14 03:43","...","83","73","2018-04-14 14:37","1.2","192","10.2","287","2018-04-14 12:04","2.5","...","...","","...","","...","...","...","...","...","...","","..."
"15","1010.0","...","1012.4","2018-04-15 20:39","1006.5","2018-04-15 02:49","19.7","25.6","2018-04-15 00:15","17.6","2018-04-15 08:20","...","80","69","2018-04-15 18:44","3.3","32","11.0","46","2018-04-15 12:33","10.5","...","...","","...","","...","...","...","...","...","...","","..."
"16","1011.2","...","1013.3","2018-04-16 22:53","1009.3","2018-04-16 15:49","19.4","23.9","2018-04-16 13:15","15.6","2018-04-16 23:30","...","70","55","2018-04-16 11:49","2.1","46","7.9","41","2018-04-16 00:55","7.5","...","...","","...","","...","...","...","...","...","...","","..."
"17","1013.2","...","1015.5","2018-04-17 09:12","1011.7","2018-04-17 02:00","17.4","20.7","2018-04-17 14:28","15.1","2018-04-17 03:41","...","80","64","2018-04-17 23:49","1.8","49","7.6","35","2018-04-17 14:19","8.5","...","...","","...","","...","...","...","...","...","...","","..."
"18","1011.0","...","1012.8","2018-04-18 09:18","1009.3","2018-04-18 16:47","20.3","24.9","2018-04-18 16:32","14.6","2018-04-18 02:14","...","73","58","2018-04-18 10:08","1.3","37","8.7","1","2018-04-18 12:54","0.0","...","...","","...","","...","...","...","...","...","...","","..."
"19","1010.0","...","1011.7","2018-04-19 09:18","1009.0","2018-04-19 16:27","22.7","27.1","2018-04-19 14:01","18.2","2018-04-19 05:15","...","77","60","2018-04-19 13:45","0.8","342","6.0","343","2018-04-19 13:08","0.0","...","...","","...","","...","...","...","...","...","...","","..."
"20","1009.9","...","1011.3","2018-04-20 09:34","1008.2","2018-04-20 19:35","23.6","27.7","2018-04-20 11:14","19.2","2018-04-20 04:21","...","79","65","2018-04-20 14:25","0.6","140","4.3","345","2018-04-20 12:13","0.0","...","...","","...","","...","...","...","...","...","...","","..."
"21","1009.1","...","1010.4","2018-04-21 09:28","1007.8","2018-04-21 16:31","24.4","27.6","2018-04-21 12:55","21.8","2018-04-21 05:51","...","80","68","2018-04-21 16:27","0.6","331","5.2","293","2018-04-21 12:24","0.0","...","...","","...","","...","...","...","...","...","...","","..."
"22","1007.5","...","1009.2","2018-04-22 08:07","1005.7","2018-04-22 17:19","25.5","30.2","2018-04-22 12:11","21.5","2018-04-22 05:14","...","81","54","2018-04-22 10:34","0.8","330","5.4","327","2018-04-22 14:58","0.0","...","...","","...","","...","...","...","...","...","...","","..."
"23","1004.8","...","1006.6","2018-04-24 00:00","1002.5","2018-04-23 15:37","26.9","30.0","2018-04-23 15:20","24.2","2018-04-23 06:00","...","74","57","2018-04-23 08:59","0.9","136","6.5","292","2018-04-23 11:44","0.0","...","...","","...","","...","...","...","...","...","...","","..."
"24","1005.4","...","1008.1","2018-04-24 23:43","1002.9","2018-04-24 02:13","23.8","27.8","2018-04-24 08:56","19.9","2018-04-24 23:10","...","85","74","2018-04-24 00:50","2.0","36","8.6","27","2018-04-24 23:50","3.0","...","...","","...","","...","...","...","...","...","...","","..."
"25","1008.6","...","1010.1","2018-04-25 09:38","1007.2","2018-04-25 16:19","21.3","25.3","2018-04-25 13:17","18.8","2018-04-25 05:14","...","68","54","2018-04-25 13:14","2.2","46","9.1","39","2018-04-25 00:26","0.0","...","...","","...","","...","...","...","...","...","...","","..."
"26","1008.9","...","1010.5","2018-04-26 21:56","1007.0","2018-04-26 03:38","22.3","27.9","2018-04-26 11:17","17.5","2018-04-26 04:29","...","70","46","2018-04-26 10:57","1.0","18","7.6","354","2018-04-26 11:58","0.0","...","...","","...","","...","...","...","...","...","...","","..."
"27","1010.7","...","1012.2","2018-04-27 10:14","1008.8","2018-04-27 02:49","23.7","26.8","2018-04-27 13:59","20.0","2018-04-27 05:00","...","79","61","2018-04-27 15:09","1.1","2","5.7","337","2018-04-27 14:10","0.0","...","...","","...","","...","...","...","...","...","...","","..."
"28","1010.1","...","1011.9","2018-04-28 09:43","1008.0","2018-04-28 16:28","24.6","29.1","2018-04-28 14:49","21.4","2018-04-28 03:51","...","76","62","2018-04-28 14:28","0.7","331","3.8","335","2018-04-28 16:37","0.0","...","...","","...","","...","...","...","...","...","...","","..."
"29","1008.8","...","1010.6","2018-04-29 08:42","1007.1","2018-04-29 17:07","25.2","28.5","2018-04-29 11:43","22.0","2018-04-29 01:51","...","82","69","2018-04-29 15:32","0.8","43","5.4","305","2018-04-29 12:08","0.0","...","...","","...","","...","...","...","...","...","...","","..."
"30","1009.1","...","1010.9","2018-04-30 09:50","1007.8","2018-04-30 03:57","25.7","29.1","2018-04-30 11:41","23.0","2018-04-30 05:30","...","79","62","2018-04-30 11:33","0.9","297","5.4","320","2018-04-30 09:53","0.0","...","...","","...","","...","...","...","...","...","...","","..."